00011101
11010100
10101001
01111111
00010001
10111000
01111100
10001010
11110001
00010001
10000100
01010011
01110111
00001011
10100101
10111010
10111010
00101011
01001010
11100011
10011000
11111110
00011100
01101010
00010011
11010010
10001110
10101010
00001010
00110110
10011110
00000101
11011001
00000011
00110111
11100110
01110101
10111010
01111100
00111100
00010001
01000110
01010111
00001101
00111011
00001101
11110101
10000001
01001111
00000000
00010101
01001110
11111101
11000110
01011000
11110000
11100110
00001110
10011100
01110100
10100010
00011000
10000010
00000110
10110110
01111011
11010111
01001000
10000010
01000010
01011000
11100111
00001111
11101110
11011010
00101000
01000111
00100111
00000001
00100100
11010000
00111001
01111100
00110100
01011100
00110100
00011000
00010111
11000001
11010110
11011010
00110100
01011101
00001010
00001010
01000100
01000001
00010010
00110100
10011011
00010000
00111100
11110000
01101011
11111101
11110011
10011101
11100000
01100011
01111110
11101100
01100000
11000001
00111111
11010110
11000111
00110110
11110001
00000001
01101110
10110111
00010010
11101000
00000100
11001001
10100000
00001000
00101100
11011011
01011001
11010110
00101101
10111110
11000110
01010000
10100111
00111000
11011001
10100111
10000010
10100000
11110000
10110110
11011100
00011110
10111000
00110110
00011000
00000010
00001110
10101010
01110010
10011100
11111010
11011010
01011011
00010000
11011100
01101111
11000110
10001011
11111001
00001000
00001001
10110000
01101001
10110100
11111001
00000111
00010100
11101100
11010111
10110000
10000001
00011010
11111110
00010010
01010000
00100000
11111111
00100010
11100001
00111010
10001000
10011011
01111011
01100100
00111110
00101110
11000111
11010010
00010011
11101001
10001111
00111010
00111101
10010010
10110111
01010110
10111000