0001110000
0010101110
0101011010
1000000001
0001001001
1101110011
1011111011
1000100100
0000111010
1110111010
1100001011
0101010001
0111100001
0000110001
1010011001
0100010110
0101110111
1101010010
1011010110
1110010001
1100110011
0111111111
1000111011
1011010111
1110110010
1110100111
0111000110
0101010110
1111010110
1001101111
1001111101
1111101010
0010011010
0000010001
0011011000
0001100110
0111010000
0100010110
0111110101
0001111011
0001000000
1011100110
0101100001
0000110000
0011101000
0000110000
0000101010
1000001001
0101000001
0000000011
0001011001
0100110100
0000001010
0011100110
1010110011
0000111110
1110010100
1000011111
0100111011
0111001100
1010000100
0000110011
0100000111
1111100110
0100100110
1000010010
1101011000
0100011100
1000000100
0100001101
0101011100
1110100001
0001000001
0111011111
0010010110
0010100101
1011100010
1101100010
0000001001
0001001011
1101000101
0011100000
0111101100
0011001100
0101110101
0011010101
0000110011
1110100010
1100001001
0110101111
1101100100
0001101011
0101110000
1111010110
0000100100
1011101110
1011111010
0000100111
0011001100
1001110001
0000100011
0001111011
1111100011
0110101000
0000001010
0000110010
1001110000
0111000011
0110001000
1011111111
1110110101
1011000011
0011111010
0011111000
0010100110
1100100001
0011010100
1111000000
1111111010
1011011111
0100100010
1000100111
1111010011
1111101110
1100101001
0101000011
1000010011
0010101100
0010010010
0101101001
1101010100
0010110000
0100000110
1100011101
1010100011
0101100010
0011100101
1101100000
1010100001
1000001101
0101000011
0111100011
1011011101
1110111011
0000111111
0101110011
0001101111
1000110011
1000000111
1111000110
1010100100
0111001101
1100111011
0000010110
1110110111
0101101000
0000100011
0110111011
0110111000
1100011101
1000110001
1111101001
0000010011
1111011010
0101100011
0110100000
1011001100
1111100000
1111100010
1110101110
1110101100
0010100010
0101100011
1000001001
0001101101
1111111111
1110110110
0100111100
1001000011
0000000010
0001000111
1110001001
1001110111
0100010011
1001101000
1000010010
1001101110
1001111111
0010111101
1100100001
0010110110
0001010001
1110101001
1000111000
0011100100
1100001010
0110110110
1011011000
1010101111
1011100101